/data_new/renamed_data/chla_nc_after_rename/chla/R/



2025021213
2025021214
2025021215
2025021216
2025021217
2025021218
2025021219
2025021220
2025021221
2025021222
2025021223
2025021300
2025021301
2025021302
2025021303
2025021304
2025021305
2025021306
2025021307
2025021308
2025021309
2025021310
2025021311
2025021312
2025021313
2025021314
2025021315
2025021316
2025021317
2025021318
2025021319
2025021320
2025021321
2025021322
2025021323
2025021400
2025021401
2025021402
2025021403
2025021404
2025021405
2025021406
2025021407
2025021408
2025021409
2025021410
2025021411
2025021412
2025021413
2025021414
2025021415
2025021416
2025021417
2025021418
2025021419
2025021420
2025021421
2025021422
2025021423
2025021500
2025021501
2025021502
2025021503
2025021504
2025021505
2025021506
2025021507
2025021508
2025021509
2025021510
2025021511
2025021512
2025021513
2025021514
2025021515
2025021516
2025021517
2025021518
2025021519
2025021520
2025021521
2025021522
2025021523
2025021600
2025021601
2025021602
2025021603
2025021604
2025021605
2025021606
2025021607
2025021608
2025021609
2025021610
2025021611
2025021612
2025021613
2025021614
2025021615
2025021616
2025021617
2025021618
2025021619
2025021620
2025021621
2025021622
2025021623
2025021700
2025021701
2025021702
2025021703
2025021704
2025021705
2025021706
2025021707
2025021708
2025021709
2025021710
2025021711
2025021712
2025021713
2025021714
2025021715
2025021716
2025021717
2025021718
2025021719
2025021720
2025021721
2025021722
2025021723
2025021800
2025021801
2025021802
2025021803
2025021804
2025021805
2025021806
2025021807
2025021808
2025021809
2025021810
2025021811
2025021812
2025021813
2025021814
2025021815
2025021816
2025021817
2025021818
2025021819
2025021820
2025021821
2025021822
2025021823
2025021900
2025021901
2025021902
2025021903
2025021904
2025021905
2025021906
2025021907
2025021908
2025021909
2025021910
2025021911
2025021912
2025021913
2025021914
2025021915
2025021916
2025021917
2025021918
2025021919
2025021920
2025021921
2025021922
2025021923
2025022000
2025022001
2025022002
2025022003
2025022004
2025022005
2025022006
2025022007
2025022008
2025022009
2025022010
2025022011
2025022012
2025022013
2025022014
2025022015
2025022016
2025022017
2025022018
2025022019
2025022020
2025022021
2025022022
2025022023
2025022100
2025022101
2025022102
2025022103
2025022104
2025022105
2025022106
2025022107
2025022108
2025022109
2025022110
2025022111
2025022112
2025022113
2025022114
2025022115
2025022116
2025022117
2025022118
2025022119
2025022120
2025022121
2025022122
2025022123
2025022200
2025022201
2025022202
2025022203
2025022204
2025022205
2025022206
2025022207
2025022208
2025022209
2025022210
2025022211
2025022212
2025022213
2025022214
2025022215
2025022216
2025022217
2025022218
2025022219
2025022220
2025022221
2025022222
2025022223
2025022300
2025022301
2025022302
2025022303
2025022304
2025022305
2025022306
2025022307
2025022308
2025022309
2025022310
2025022311
2025022312
2025022313
2025022314
2025022315
2025022316
2025022317
2025022318
2025022319
2025022320
2025022321
2025022322
2025022323
2025022400
2025022401
2025022402
2025022403
2025022404
2025022405
2025022406
2025022407
2025022408
2025022409
2025022410
2025022411
2025022412
2025022413
2025022414
2025022415
2025022416
2025022417
2025022418
2025022419
2025022420
2025022421
2025022422
2025022423
2025022500
2025022501
2025022502
2025022503
2025022504
2025022505
2025022506
2025022507
2025022508
2025022509
2025022510
2025022511
2025022512
2025022513
2025022514
2025022515
2025022516
2025022517
2025022518
2025022519
2025022520
2025022521
2025022522
2025022523
2025022600
2025022601
2025022602
2025022603
2025022604
2025022605
2025022606
2025022607
2025022608
2025022609
2025022610
2025022611
2025022612
2025022613
2025022614
2025022615
2025022616
2025022617
2025022618
2025022619
2025022620
2025022621
2025022622
2025022623
2025022700
2025022701
2025022702
2025022703
2025022704
2025022705
2025022706
2025022707
2025022708
2025022709
2025022710
2025022711
2025022712
2025022713
2025022714
2025022715
2025022716
2025022717
2025022718
2025022719
2025022720
2025022721
2025022722
2025022723
2025022800
2025022801
2025022802
2025022803
2025022804
2025022805
2025022806
2025022807
2025022808
2025022809
2025022810
2025022811
2025022812
2025022813
2025022814
2025022815
2025022816
2025022817
2025022818
2025022819
2025022820
2025022821
2025022822
2025022823
