/data_new/sst_data/sst_missing_value_imputation/jaxa_data/jaxa_extract_L3:



20150701000000
20150701010000
20150701020000
20150701030000
20150701040000
20150701050000
20150701060000
20150701070000
20150701080000
20150701090000
20150701100000
20150701110000
20150701120000
20150701130000
20150701140000
20150701150000
20150701160000
20150701170000
20150701180000
20150701190000
20150701200000
20150701210000
20150701220000
20150701230000
20150702000000
20150702010000
20150702020000
20150702030000
20150702040000
20150702050000
20150702060000
20150702070000
20150702080000
20150702090000
20150702100000
20150702110000
20150702120000
20150702130000
20150702140000
20150702150000
20150702160000
20150702170000
20150702180000
20150702190000
20150702200000
20150702210000
20150702220000
20150702230000
20150703000000
20150703010000
20150703020000
20150703030000
20150703040000
20150703050000
20150703060000
20150703070000
20150703080000
20150703090000
20150703100000
20150703110000
20150703120000
20150703130000
20150703140000
20150703150000
20150703160000
20150703170000
20150703180000
20150703190000
20150703200000
20150703210000
20150703220000
20150703230000
20150704000000
20150704010000
20150704020000
20150704030000
20150704040000
20150704050000
20150704060000
20150704070000
20150704080000
20150704090000
20150704100000
20150704110000
20150704120000
20150704130000
20150704140000
20150704150000
20150704160000
20150704170000
20150704180000
20150704190000
20150704200000
20150704210000
20150704220000
20150704230000
20150705000000
20150705010000
20150705020000
20150705030000
20150705040000
20150705050000
20150705060000
20150705070000
20150705080000
20150705090000
20150705100000
20150705110000
20150705120000
20150705130000
20150705140000
20150705150000
20150705160000
20150705170000
20150705180000
20150705190000
20150705200000
20150705210000
20150705220000
20150705230000
20150706000000
20150706010000
20150706020000
20150706030000
20150706040000
20150706050000
20150706060000
20150706070000
20150706080000
20150706090000
20150706100000
20150706110000
20150706120000
20150706130000
20150706140000
20150706150000
20150706160000
20150706170000
20150706180000
20150706190000
20150706200000
20150706210000
20150706220000
20150706230000
20150808000000
20150808010000
20150808020000
20150808030000
20150808040000
20150808050000
20150808060000
20150808070000
20150808080000
20150808090000
20150808100000
20150808110000
20150808120000
20150808130000
20150808140000
20150808150000
20150808160000
20150808170000
20150808180000
20150808190000
20150808200000
20150808210000
20150808220000
20150808230000
20150809000000
20150809010000
20150809020000
20150809030000
20150809040000
20150809050000
20150809060000
20150809070000
20150809080000
20150809090000
20150809100000
20150809110000
20150809120000
20150809130000
20150809140000
20150809150000
20150809160000
20150809170000
20150809180000
20150809190000
20150809200000
20150809210000
20150809220000
20150809230000
20150810000000
20150810010000
20150810020000
20150810030000
20150810040000
20150810050000
20150810060000
20150810070000
20150810080000
20150810090000
20150810100000
20150810110000
20150810120000
20150810130000
20150810140000
20150810150000
20150810160000
20150810170000
20150810180000
20150810190000
20150810200000
20150810210000
20150810220000
20150810230000
20150811000000
20150811010000
20150811020000
20150811030000
20150811040000
20150811050000
20150811060000
20150811070000
20150811080000
20150811090000
20150811100000
20150811110000
20150811120000
20150811130000
20150811140000
20150811150000
20150811160000
20150811170000
20150811180000
20150811190000
20150811200000
20150811210000
20150811220000
20150811230000
20150812060000
20150812150000
20150812230000
20150813230000
20150814230000
20150815070000
20150815150000
20150816060000
20150816150000
20150818070000
20150819070000
20150824080000
20150825080000
20150825160000
20150826000000
20150826080000
20150826090000
20150826100000
20150826110000
20150826120000
20150826130000
20150826140000
20150826150000
20151007080000
20151007090000
20151007100000
20151007110000
20151007120000
20151007130000
20151007140000
20151007150000
20151111160000
20151111170000
20151111180000
20151111190000
20151111200000
20151111210000
20151111220000
20151111230000
20151112000000
20151112010000
20151112020000
20151112030000
20151112040000
20151112050000
20151112060000
20151112070000
20151114100000
20151218070000



20160130160000
20160130170000
20160130180000
20160130190000
20160130200000
20160130210000
20160130220000
20160130230000
20160131000000
20160131010000
20160131020000
20160131030000
20160131040000
20160131050000
20160131060000
20160131070000
20160205160000
20160205170000
20160205180000
20160205190000
20160205200000
20160205210000
20160205220000
20160205230000
20160206000000
20160206010000
20160206020000
20160206030000
20160206040000
20160206050000
20160206060000
20160206070000
20160215150000
20160215160000
20160302050000
20160411160000
20160411170000
20160411180000
20160411190000
20160411200000
20160411210000
20160411220000
20160411230000
20160412000000
20160412010000
20160412020000
20160412030000
20160412040000
20160412050000
20160412060000
20160412070000
20160622160000
20160622170000
20160622180000
20160622190000
20160622200000
20160622210000
20160622220000
20160622230000
20160623000000
20160623010000
20160623020000
20160623030000
20160623040000
20160623050000
20160623060000
20160623070000
20160629230000
20160707070000
20160818000000
20160818010000
20160818020000
20160818160000
20160818170000
20160818180000
20160819080000
20160819090000
20160819100000
20160820000000
20160820010000
20160820020000
20160820160000
20160820170000
20160820180000
20160821080000
20160821090000
20160821100000
20160822000000
20160822010000
20160822020000
20160822160000
20160822170000
20160822180000
20160823080000
20160823090000
20160823100000
20160829080000
20160830180000
20160831080000
20160909030000
20160915160000
20160915170000
20160915180000
20160915190000
20160915200000
20160915210000
20160915220000
20160915230000
20160916000000
20160916010000
20160916020000
20160916030000
20160916040000
20160916050000
20160916060000
20160916070000
20160923000000
20160923010000
20160923020000
20160923170000
20160923180000
20160924090000
20160924100000
20160925000000
20160925010000
20160925020000
20160925170000
20160925180000
20160926090000
20160926100000
20160927000000
20160927010000
20160927020000
20160927170000
20160927180000
20160928080000
20160928090000
20160928100000
20160929180000
20161003170000
20161003180000
20161003190000
20161003200000
20161003210000
20161003220000
20161003230000
20161004000000
20161004010000
20161004020000
20161004030000
20161004040000
20161004050000
20161004060000
20161004070000
20161006000000
20161006010000
20161006160000
20161007080000
20161007090000
20161007100000
20161007110000
20161008000000
20161008010000
20161008160000
20161008170000
20161010000000
20161010010000
20161010020000
20161010160000
20161010170000
20161011080000
20161011090000
20161011100000
20161011110000
20161011120000
20161012000000
20161012160000
20161012170000
20161012180000
20161012190000
20161013080000
20161013090000
20161013100000
20161013110000
20161030000000
20161030010000
20161030020000
20161030030000
20161030040000
20161030050000
20161030060000
20161030070000
20161030080000
20161030090000
20161030100000
20161030110000
20161030160000
20161030170000
20161030180000
20161030190000
20161030200000
20161030210000
20161030220000
20161030230000
20161031000000
20161031010000
20161031020000
20161031080000
20161031090000
20161031100000
20161031110000
20161031120000
20161031130000
20161031140000
20161031150000
20161031160000
20161031170000
20161031180000
20161031190000
20161031200000
20161101000000
20161101010000
20161101020000
20161101030000
20161101040000
20161101050000
20161101060000
20161101070000
20161101080000
20161101090000
20161101100000
20161101160000
20161101170000
20161101180000
20161101190000
20161101200000
20161101210000
20161101220000
20161101230000
20161102000000
20161102010000
20161102020000
20161102080000
20161102090000
20161102100000
20161102110000
20161102120000
20161102130000
20161102140000
20161102150000
20161102160000
20161102170000
20161102180000
20161102190000
20161103000000
20161103010000
20161103020000
20161103030000
20161103040000
20161103050000
20161103060000
20161103070000
20161103080000
20161103090000
20161103100000
20161103110000
20161103160000
20161103170000
20161103180000
20161103190000
20161103200000
20161103210000
20161103220000
20161103230000
20161104000000
20161104010000
20161104020000
20161104030000
20161104080000
20161104090000
20161104100000
20161104110000
20161104120000
20161104130000
20161104140000
20161104150000
20161104160000
20161104170000
20161104180000
20161105000000
20161105010000
20161105020000
20161105030000
20161105040000
20161105050000
20161105060000
20161105070000
20161105080000
20161105090000
20161105100000
20161105110000
20161105160000
20161105170000
20161105180000
20161105190000
20161105200000
20161105210000
20161105220000
20161105230000
20161106000000
20161106010000
20161106080000
20161106090000
20161106100000
20161106110000
20161106120000
20161106130000
20161106140000
20161106150000
20161106160000
20161106170000
20161106180000
20161106190000
20161106200000
20161107000000
20161107010000
20161107020000
20161107030000
20161107040000
20161107050000
20161107060000
20161107070000
20161107080000
20161107090000
20161107100000
20161107160000
20161107170000
20161107180000
20161107190000
20161107200000
20161107210000
20161107220000
20161107230000
20161108000000
20161108010000
20161108020000
20161108080000
20161108090000
20161108100000
20161108110000
20161108120000
20161108130000
20161108140000
20161108150000
20161108160000
20161108170000
20161108180000
20161109000000
20161109010000
20161109020000
20161109030000
20161109040000
20161109050000
20161109060000
20161109070000
20161109080000
20161109090000
20161109100000
20161109160000
20161109170000
20161109180000
20161109190000
20161109200000
20161109210000
20161109220000
20161109230000
20161110000000
20161110010000
20161110020000
20161110030000
20161110080000
20161110090000
20161110100000
20161110110000
20161110120000
20161110130000
20161110140000
20161110150000
20161110160000
20161110170000
20161110180000
20161111000000
20161111010000
20161111020000
20161111030000
20161111040000
20161111050000
20161111060000
20161111070000
20161111080000
20161111090000
20161111100000
20161111110000
20161111160000
20161111170000
20161111180000
20161111190000
20161111200000
20161111210000
20161111220000
20161111230000
20161112000000
20161112010000
20161112020000
20161112080000
20161112090000
20161112100000
20161112110000
20161112120000
20161112130000
20161112140000
20161112150000
20161112160000
20161112170000
20161112180000
20161112190000
20161112200000
20161113000000
20161113010000
20161113020000
20161113030000
20161113040000
20161113050000
20161113060000
20161113070000
20161113080000
20161113090000
20161113100000
20161113160000
20161113170000
20161113180000
20161113190000
20161113200000
20161113210000
20161113220000
20161113230000
20161114000000
20161114010000
20161114020000
20161114030000
20161114080000
20161114090000
20161114100000
20161114110000
20161114120000
20161114130000
20161114140000
20161114150000
20161114160000
20161114170000
20161114180000
20161114190000
20161115000000
20161115010000
20161115020000
20161115030000
20161115040000
20161115050000
20161115060000
20161115070000
20161115080000
20161115090000
20161116080000
20161116090000
20161116100000
20161116110000
20161116120000
20161116130000
20161116140000
20161116150000
20161116160000
20161116170000
20161117000000
20161117010000
20161117020000
20161117030000
20161117040000
20161117050000
20161117060000
20161117070000
20161117080000
20161117090000
20161117100000
20161117160000
20161117170000
20161117180000
20161117190000
20161117200000
20161117210000
20161117220000
20161117230000
20161118000000
20161118010000
20161118020000
20161118030000
20161118080000
20161118090000
20161118100000
20161118110000
20161118120000
20161118130000
20161118140000
20161118150000
20161118160000
20161118170000
20161118180000
20161121000000
20161121010000
20161121020000
20161121030000
20161121040000
20161121050000
20161121060000
20161121070000
20161121080000
20161121090000
20161121100000
20161121110000
20161121160000
20161121170000
20161121180000
20161121190000
20161121200000
20161121210000
20161121220000
20161121230000
20161122000000
20161122010000
20161122020000
20161122030000
20161123160000
20161123170000
20161123180000
20161123190000
20161123200000
20161123210000
20161123220000
20161123230000
20161124000000
20161124010000
20161124020000
20161124030000
20161124040000
20161124050000
20161125160000
20161125170000
20161125180000
20161125190000
20161125200000
20161125210000
20161125220000
20161125230000
20161126000000
20161126010000
20161126020000
20161126030000
20161126040000
20161126080000
20161126090000
20161126100000
20161126110000
20161126120000
20161126130000
20161126140000
20161126150000
20161126160000
20161126170000
20161126180000
20161126190000
20161126200000
20161126210000
20161126220000
20161126230000
20161127160000
20161127170000
20161127180000
20161127190000
20161127200000
20161127210000
20161127220000
20161127230000
20161128000000
20161128010000
20161128020000
20161128030000
20161128040000
20161128050000
20161128060000
20161128080000
20161128090000
20161128100000
20161128110000
20161128120000
20161128130000
20161128140000
20161128150000
20161128160000
20161128170000
20161128180000
20161128190000
20161128200000
20161128210000
20161129160000
20161129170000
20161129180000
20161129190000
20161129200000
20161129210000
20161129220000
20161129230000
20161130000000
20161130010000
20161130020000
20161130030000
20161130040000
20161130050000
20161130080000
20161130090000
20161130100000
20161130110000
20161130120000
20161130130000
20161130140000
20161130150000
20161130160000
20161130170000
20161130180000
20161130190000
20161130200000
20161130210000
20161130220000
20161201000000
20161201010000
20161201020000
20161201030000
20161201040000
20161201050000
20161201060000
20161201070000
20161201080000
20161201090000
20161201100000
20161201110000
20161201120000
20161201130000
20161201140000
20161201150000
20161202080000
20161202090000
20161202100000
20161202110000
20161202120000
20161202130000
20161202140000
20161202150000
20161202160000
20161202170000
20161202180000
20161202190000
20161202200000
20161202210000
20161202220000
20161202230000
20161203000000
20161203010000
20161203020000
20161203030000
20161203040000
20161203050000
20161203060000
20161203070000
20161208000000
20161208010000
20161208020000
20161208030000
20161208040000
20161208050000
20161208060000
20161208070000
20161209160000
20161209170000
20161209180000
20161209190000
20161209200000
20161209210000
20161209220000
20161209230000
20161210000000
20161210010000
20161210020000
20161210030000
20161210040000
20161210050000
20161210060000
20161210070000
20161211160000
20161211170000
20161211180000
20161211190000
20161211200000
20161211210000
20161211220000
20161211230000
20161213160000
20161213170000
20161213180000
20161213190000
20161213200000
20161213210000
20161213220000
20161213230000
20161215160000
20161215170000
20161215180000
20161215190000
20161215200000
20161215210000
20161215220000
20161215230000



20170101000000
20170101010000
20170101020000
20170101030000
20170101040000
20170101050000
20170101060000
20170101070000
20170101080000
20170101090000
20170101100000
20170101110000
20170101120000
20170101130000
20170101140000
20170101150000
20170102080000
20170102090000
20170102100000
20170102110000
20170102120000
20170102130000
20170102140000
20170102150000
20170102160000
20170102170000
20170102180000
20170102190000
20170102200000
20170102210000
20170102220000
20170102230000
20170108000000
20170108010000
20170108020000
20170108030000
20170108040000
20170108050000
20170108060000
20170108070000
20170212160000
20170212170000
20170212180000
20170212190000
20170212200000
20170212210000
20170212220000
20170212230000
20170213000000
20170213010000
20170213020000
20170213030000
20170213040000
20170213050000
20170213060000
20170213070000
20170213150000
20170225230000
20170313160000
20170313170000
20170313180000
20170313190000
20170313200000
20170313210000
20170313220000
20170313230000
20170314000000
20170314010000
20170314020000
20170314030000
20170314040000
20170314050000
20170314060000
20170314070000
20170315160000
20170315170000
20170315180000
20170315190000
20170315200000
20170315210000
20170315220000
20170315230000
20170317160000
20170317170000
20170317180000
20170317190000
20170317200000
20170317210000
20170317220000
20170317230000
20170319160000
20170319170000
20170319180000
20170319190000
20170319200000
20170319210000
20170319220000
20170319230000
20170422160000
20170422170000
20170422180000
20170422190000
20170422200000
20170422210000
20170422220000
20170422230000
20170423000000
20170423010000
20170423020000
20170423030000
20170423040000
20170423050000
20170423060000
20170423070000
20170424160000
20170424170000
20170424180000
20170424190000
20170424200000
20170424210000
20170424220000
20170424230000
20170426160000
20170426170000
20170426180000
20170426190000
20170426200000
20170426210000
20170426220000
20170426230000
20170428160000
20170428170000
20170428180000
20170428190000
20170428200000
20170428210000
20170428220000
20170428230000
20170513160000
20170513170000
20170513180000
20170513190000
20170513200000
20170513210000
20170513220000
20170513230000
20170514000000
20170514010000
20170514020000
20170514030000
20170514040000
20170514050000
20170514060000
20170514070000
20170630160000
20170630170000
20170630180000
20170630190000
20170630200000
20170630210000
20170630220000
20170630230000
20170701000000
20170701010000
20170701020000
20170701030000
20170701040000
20170701050000
20170701060000
20170701070000
20170728000000
20170728010000
20170728020000
20170728030000
20170728040000
20170728050000
20170728060000
20170728070000
20170728080000
20170728090000
20170728100000
20170728110000
20170728120000
20170728130000
20170728140000
20170728150000
20170728160000
20170728170000
20170728180000
20170728190000
20170728200000
20170728210000
20170728220000
20170728230000
20170729000000
20170729010000
20170729020000
20170729030000
20170729040000
20170729050000
20170729060000
20170729070000
20170729080000
20170729090000
20170729100000
20170729110000
20170729120000
20170729130000
20170729140000
20170729150000
20170729160000
20170729170000
20170729180000
20170729190000
20170729200000
20170729210000
20170729220000
20170729230000
20170730000000
20170730010000
20170730020000
20170730030000
20170730040000
20170730050000
20170730060000
20170730070000
20170730080000
20170730090000
20170730100000
20170730110000
20170730120000
20170730130000
20170730140000
20170730150000
20170730160000
20170730170000
20170730180000
20170730190000
20170730200000
20170730210000
20170730220000
20170730230000
20170811160000
20170811170000
20170811180000
20170811190000
20170811200000
20170811210000
20170811220000
20170811230000
20170812000000
20170812010000
20170812020000
20170812030000
20170812040000
20170812050000
20170812060000
20170812070000
20171127160000
20171127170000
20171127180000
20171127190000
20171127200000
20171127210000
20171127220000
20171127230000
20171128000000
20171128010000
20171128020000
20171128030000
20171128040000
20171128050000
20171128060000
20171128070000



20180822160000
20180822170000
20180822180000
20180822190000
20180822200000
20180822210000
20180822220000
20180822230000
20180823000000
20180823010000
20180823020000
20180823030000
20180823040000
20180823050000
20180823060000
20180823070000
20180927160000
20180927170000
20180927180000
20180927190000
20180927200000
20180927210000
20180927220000
20180927230000
20180928000000
20180928010000
20180928020000
20180928030000
20180928040000
20180928050000
20180928060000
20180928070000
20181010000000
20181010010000
20181010020000
20181010030000
20181010040000
20181010050000
20181010060000
20181010070000
20181010080000
20181010090000
20181010100000
20181010110000
20181010120000
20181010130000
20181010140000
20181010150000
20181010160000
20181010170000
20181010180000
20181010190000
20181010200000
20181010210000
20181010220000
20181010230000
20181011000000
20181011010000
20181011020000
20181011030000
20181011040000
20181011050000
20181011060000
20181011070000
20181011080000
20181011090000
20181011100000
20181011110000
20181011120000
20181011130000
20181011140000
20181011150000
20181011160000
20181011170000
20181011180000
20181011190000
20181011200000
20181011210000
20181011220000
20181011230000



20190219150000
20190310000000
20190310010000
20190310020000
20190310030000
20190310040000
20190310050000
20190310060000
20190310070000
20190310080000
20190310090000
20190310100000
20190310110000
20190310120000
20190310130000
20190310140000
20190310150000
20190310160000
20190310170000
20190310180000
20190310190000
20190310200000
20190310210000
20190310220000
20190310230000
20190311000000
20190311010000
20190311020000
20190311030000
20190311040000
20190311050000
20190311060000
20190311070000
20190311080000
20190311090000
20190311100000
20190311110000
20190311160000
20190311170000
20190311180000
20190311190000
20190311200000
20190311210000
20190311220000
20190311230000
20190312000000
20190312010000
20190312020000
20190312030000
20190312040000
20190312080000
20190312090000
20190312100000
20190312110000
20190312120000
20190312130000
20190312140000
20190312150000
20190312160000
20190312170000
20190312180000
20190312190000
20190312200000
20190313160000
20190313170000
20190313180000
20190313190000
20190313200000
20190313210000
20190313220000
20190313230000
20190314000000
20190314010000
20190314020000
20190314030000
20190315000000
20190315010000
20190315020000
20190315030000
20190315040000
20190315050000
20190315060000
20190315070000
20190315080000
20190315090000
20190315100000
20190315110000
20190315120000
20190316080000
20190316090000
20190316100000
20190316110000
20190316120000
20190316130000
20190316140000
20190316150000
20190316160000
20190316170000
20190316180000
20190316190000
20190316200000
20190317160000
20190317170000
20190317180000
20190317190000
20190317200000
20190317210000
20190317220000
20190317230000
20190318000000
20190318010000
20190318020000
20190318030000
20190318040000
20190406160000
20190406170000
20190406180000
20190406190000
20190406200000
20190406210000
20190406220000
20190406230000
20190407000000
20190407010000
20190407020000
20190407030000
20190407040000
20190407050000
20190407060000
20190407070000
20190408000000
20190408010000
20190408020000
20190408030000
20190408040000
20190408050000
20190408060000
20190408070000
20190408080000
20190408090000
20190408100000
20190408110000
20190408120000
20190408130000
20190408140000
20190408150000
20190409080000
20190409090000
20190409100000
20190409110000
20190409120000
20190409130000
20190409140000
20190409150000
20190409160000
20190409170000
20190409180000
20190409190000
20190409200000
20190409210000
20190409220000
20190409230000
20190410160000
20190410170000
20190410180000
20190410190000
20190410200000
20190410210000
20190410220000
20190410230000
20190411000000
20190411010000
20190411020000
20190411030000
20190411040000
20190411050000
20190411060000
20190411070000
20190421150000
20190430160000
20190430170000
20190430180000
20190430190000
20190430200000
20190430210000
20190430220000
20190430230000
20190501000000
20190501010000
20190501020000
20190501030000
20190501040000
20190501050000
20190501060000
20190501070000
20190502000000
20190502010000
20190502020000
20190502030000
20190502040000
20190502050000
20190502060000
20190502070000
20190502080000
20190502090000
20190502100000
20190502110000
20190502120000
20190502130000
20190502140000
20190502150000
20190503080000
20190503090000
20190503100000
20190503110000
20190503120000
20190503130000
20190503140000
20190503150000
20190503160000
20190503170000
20190503180000
20190503190000
20190503200000
20190503210000
20190503220000
20190503230000
20190504160000
20190504170000
20190504180000
20190504190000
20190504200000
20190504210000
20190504220000
20190504230000
20190505000000
20190505010000
20190505020000
20190505030000
20190505040000
20190505050000
20190505060000
20190505070000
20190617160000
20190617170000
20190617180000
20190617190000
20190617200000
20190617210000
20190617220000
20190617230000
20190618000000
20190618010000
20190618020000
20190618030000
20190618040000
20190618050000
20190618060000
20190618070000
20190619000000
20190619010000
20190619020000
20190619030000
20190619040000
20190619050000
20190619060000
20190619070000
20190619080000
20190619090000
20190619100000
20190619110000
20190619120000
20190619130000
20190619140000
20190619150000
20190620080000
20190620090000
20190620100000
20190620110000
20190620120000
20190620130000
20190620140000
20190620150000
20190620160000
20190620170000
20190620180000
20190620190000
20190620200000
20190620210000
20190620220000
20190620230000
20190621160000
20190621170000
20190621180000
20190621190000
20190621200000
20190621210000
20190621220000
20190621230000
20190622000000
20190622010000
20190622020000
20190622030000
20190622040000
20190622050000
20190622060000
20190622070000
20190701160000
20190701170000
20190701180000
20190701190000
20190701200000
20190701210000
20190701220000
20190701230000
20190704160000
20190704170000
20190704180000
20190704190000
20190704200000
20190704210000
20190704220000
20190704230000
20190705000000
20190705010000
20190705020000
20190705030000
20190705040000
20190705050000
20190705060000
20190705070000
20190706000000
20190706010000
20190706020000
20190706030000
20190706040000
20190706050000
20190706060000
20190706070000
20190706080000
20190706090000
20190706100000
20190706110000
20190706120000
20190706130000
20190706140000
20190706150000
20190707080000
20190707090000
20190707100000
20190707110000
20190707120000
20190707130000
20190707140000
20190707150000
20190707160000
20190707170000
20190707180000
20190707190000
20190707200000
20190707210000
20190707220000
20190707230000
20190708160000
20190708170000
20190708180000
20190708190000
20190708200000
20190708210000
20190708220000
20190708230000
20190709000000
20190709010000
20190709020000
20190709030000
20190709040000
20190709050000
20190709060000
20190709070000
20190805160000
20190805170000
20190805180000
20190805190000
20190805200000
20190805210000
20190805220000
20190805230000
20190806000000
20190806010000
20190806020000
20190806030000
20190806040000
20190806050000
20190806060000
20190806070000
20190807000000
20190807010000
20190807020000
20190807030000
20190807040000
20190807050000
20190807060000
20190807070000
20190807080000
20190807090000
20190807100000
20190807110000
20190807120000
20190807130000
20190807140000
20190807150000
20190808080000
20190808090000
20190808100000
20190808110000
20190808120000
20190808130000
20190808140000
20190808150000
20190808160000
20190808170000
20190808180000
20190808190000
20190808200000
20190808210000
20190808220000
20190808230000
20190809160000
20190809170000
20190809180000
20190809190000
20190809200000
20190809210000
20190809220000
20190809230000
20190810000000
20190810010000
20190810020000
20190810030000
20190810040000
20190810050000
20190810060000
20190810070000
20190821160000
20190821170000
20190821180000
20190821190000
20190821200000
20190821210000
20190821220000
20190821230000
20190822000000
20190822010000
20190822020000
20190822030000
20190822040000
20190822050000
20190822060000
20190822070000
20190823000000
20190823010000
20190823020000
20190823030000
20190823040000
20190823050000
20190823060000
20190823070000
20190823080000
20190823090000
20190823100000
20190823110000
20190823120000
20190823130000
20190823140000
20190823150000
20190824080000
20190824090000
20190824100000
20190824110000
20190824120000
20190824130000
20190824140000
20190824150000
20190824160000
20190824170000
20190824180000
20190824190000
20190824200000
20190824210000
20190824220000
20190824230000
20190825160000
20190825170000
20190825180000
20190825190000
20190825200000
20190825210000
20190825220000
20190825230000
20190826000000
20190826010000
20190826020000
20190826030000
20190826040000
20190826050000
20190826060000
20190826070000
20190828070000
20190830070000
20191010160000
20191010170000
20191010180000
20191010190000
20191010200000
20191010210000
20191010220000
20191010230000
20191220160000
20191220170000
20191220180000
20191220190000
20191220200000
20191220210000
20191220220000
20191220230000
20191221000000
20191221010000
20191221020000
20191221030000
20191221040000
20191221050000
20191221060000
20191221070000



20200218150000



20210216150000
20210425020000
20210425030000
20210425040000
20210425050000
20210427100000
20210427110000
20210428000000
20210428020000
20210428080000
20210428160000
20210429190000
20210430000000
20210430020000
20210430040000
20210430060000
20210630010000
20210630020000
20210630030000
20210630040000
20210630050000
20210630060000
20210630070000
20210630080000
20210630090000
20210717010000
20210920060000



20220215150000
20220813060000
20220820030000
20220902160000
20220911040000
20220917120000
20230801190000
20231017180000
20231106070000
20231124220000
20231205150000
20231208060000
20231218210000



20240129220000
20240302100000
20240429020000
20240525220000
20240622210000
20240702090000
20240728210000
20240904210000
20240915010000
20240915020000
20240915030000
20240915040000
20241110180000
20241110190000
20241110200000
20241110210000
20241110220000
20241110230000
20241111000000
20241111010000
20241111020000
20241111030000
20241111040000
20241111050000
20241111060000
20241111070000
20241111080000
20241111090000
20241111100000
20241112000000
20241112010000
20241112020000
20241112030000
20241112180000
20241115140000
20241130210000
20241209160000
20241215110000
20241219200000



20250121150000
20250121160000
20250310150000
20250327160000
20250327170000
20250327180000
20250327190000
20250327200000
20250327210000
20250327220000
20250327230000
20250328000000
20250328010000
20250328020000
20250328030000
20250328040000
20250328050000
20250328060000
20250328070000
20250328080000
20250328090000
20250328100000
20250328110000
20250328120000
20250328130000
20250328140000
20250328150000
20250328160000
20250328170000
20250328180000
20250328190000
20250328200000
20250328210000
20250328220000
20250328230000
20250331000000
20250331010000
20250331020000
20250331030000
20250331040000
20250331050000
20250331060000
20250331070000
20250331080000
20250331090000
20250331100000
20250331110000
20250331120000
20250331130000
20250331140000
20250331150000
20250331160000
20250331170000
20250331180000
20250331190000
20250331200000
20250331210000
20250331220000
20250331230000
